0 1.1948 -1.7132 0.1181 0.48806010217 0.505418254956 0.514341379485 0.491734348583
1 1.26785557753 -3.23944031068 0.151366048092 0.486869557466 0.505187752923 0.516148696921 0.491257458953
2 1.31599120354 -4.15254676208 0.170232433324 0.48598118415 0.505007745255 0.517412331996 0.490992815205
3 1.39672915042 -5.48671869034 0.210176433996 0.486025713011 0.503881095982 0.518157550872 0.491320262027
4 1.42157024551 -6.54157399059 0.226041276324 0.487076615418 0.502323019882 0.517887140796 0.492159388621
5 1.46897067211 -7.88825228264 0.241885519896 0.487287261581 0.500749360867 0.518720624205 0.492676482407
6 1.54830651937 -9.22329273393 0.266955061195 0.486579475083 0.500860935766 0.519753386493 0.492173906947
7 1.60362035096 -10.2551063254 0.283761084325 0.485745354583 0.500065048569 0.520979502927 0.492510665093
8 1.65091091656 -11.5740288431 0.301037018337 0.485672545539 0.49883251771 0.521566416116 0.49321067645
9 1.69143280914 -12.8773328993 0.332616938389 0.48512920122 0.497944065208 0.522469933008 0.493686677104
10 1.76353368802 -13.8867557736 0.336427219103 0.484949388359 0.498127883533 0.523531866994 0.492551608076
11 1.8393665259 -15.1776655473 0.35296044221 0.484784958002 0.498073360674 0.524080650993 0.49218486683
12 1.85139851105 -16.4627090512 0.363771325649 0.485130324707 0.496501992451 0.524248947046 0.493251843446
13 1.86357715177 -17.4553555219 0.362736687844 0.486196667647 0.495944567314 0.523869185007 0.493166162181
14 1.89593056551 -18.7225346554 0.335209451773 0.486331649666 0.493899414952 0.525255579042 0.493610647301
15 1.97678306564 -19.9767624914 0.311457147864 0.487393599056 0.494168563865 0.525954593873 0.491545191484
16 2.04993749302 -20.945541211 0.265131923617 0.489288943944 0.494969648344 0.525790285133 0.489025513252
17 2.04409734985 -21.7738338258 0.217226927282 0.490131321274 0.493110304454 0.526550052721 0.489242841059
18 2.05242571104 -22.5970270291 0.186234651454 0.490514922805 0.491753681913 0.527248092646 0.48947203764
19 2.10443352905 -23.4142122243 0.159604177489 0.49025701179 0.490884520078 0.528504290677 0.48924806088
20 2.35068254161 -24.3536297852 0.141631337745 0.490548182616 0.4945849556 0.529059862735 0.48460691686
21 2.45218549232 -25.1592302564 0.067622782256 0.488854198344 0.492129349232 0.532646750047 0.484889385375
22 2.51520107346 -25.9633721129 0.0106318166082 0.487937576989 0.490167800417 0.534955470435 0.48525775939
23 2.34870787051 -26.77807739 -0.0460676815157 0.490792233335 0.488561064848 0.533399856338 0.485711501687
24 2.34613337827 -27.7101105181 -0.130148425437 0.492250993672 0.487202219414 0.533919693355 0.48502857408
25 2.33015272968 -28.5054954661 -0.21720510133 0.493880727897 0.486051748068 0.534121389431 0.484303485601
26 2.40045110465 -29.2930180586 -0.278460998326 0.493972909259 0.485290576904 0.535397047285 0.48356366969
27 2.45809757033 -30.0769077544 -0.364373199709 0.494642412123 0.484486459792 0.536471927724 0.482493134845
28 2.52827002786 -30.9853740881 -0.50826279814 0.494977958118 0.482491889766 0.538797477406 0.481555475131
29 2.60263807493 -31.759039619 -0.618550974612 0.495608358935 0.481619323543 0.540179741996 0.480230182392
30 2.69687114019 -32.5281195419 -0.719946520533 0.496471134178 0.481445598915 0.541164598921 0.478400904147
31 2.77261469954 -33.300498766 -0.840288972769 0.496400109649 0.479660427219 0.543561258273 0.477549959905
32 2.78553813548 -34.1922605764 -1.00091243175 0.497238266453 0.477275603255 0.545327439122 0.47705354946
33 2.73944851938 -34.9547815501 -1.13824612548 0.498710626415 0.475231726453 0.546042454061 0.476739085493
34 2.67788399326 -35.7134770182 -1.28380083314 0.500254413307 0.473037419928 0.546748091996 0.47649516809
35 2.71313478602 -36.4634916476 -1.44348130408 0.501862076395 0.472179947666 0.547516059173 0.474770174132
36 2.93989120325 -37.325366024 -1.61461606492 0.501204327653 0.471301285393 0.550687413767 0.472665518785
37 3.07494849382 -38.0620082449 -1.76674234203 0.50139279256 0.470432114949 0.5526482954 0.47104007726
38 3.03729938964 -38.8030181533 -1.92038681935 0.503157334482 0.468910065427 0.553015941064 0.470243996482
39 2.87111009979 -39.5573649014 -2.04597550501 0.506031982261 0.466927478858 0.55228093036 0.469995889745
40 2.81761667439 -40.4097220939 -2.2703936985 0.508507969139 0.465194549916 0.552722305394 0.468520788408
41 2.96781499679 -41.1279437312 -2.44960763023 0.509128907062 0.464796681326 0.554391477983 0.466263756003
42 3.21427212612 -41.8381441061 -2.6047078061 0.509332681589 0.465351361327 0.556166733896 0.463364752742
43 3.42582426308 -42.5430298295 -2.800993499 0.508427363133 0.463779883691 0.559460558073 0.461967228125
44 3.25934798723 -43.3837633918 -3.01133598055 0.510030894323 0.460175619592 0.560369038992 0.462702308302
45 3.19426303564 -44.0977620872 -3.17890601497 0.511247606793 0.458103317136 0.561132018684 0.462491181521
46 3.07557170499 -44.8082268105 -3.37967129945 0.51377980689 0.456489472074 0.560898879955 0.461562691714
47 3.00229190895 -45.5074802995 -3.5890597498 0.515980921862 0.455290585734 0.561013896401 0.460149517941
48 3.21942790811 -46.3156849912 -3.83904304153 0.517080668595 0.455290744989 0.562657194908 0.456896925696
49 3.32625559816 -47.0103291506 -4.06619649293 0.518634177759 0.454979199347 0.563528129315 0.454366113714
