Loaded intrinsics: fx=983.044 fy=983.044 cx=643.647 cy=493.379
Loaded 10 camera poses (frames), 2639 points, 3322 observations.
Using Dogleg solver
iter      cost      cost_change  |gradient|   |step|    tr_ratio  tr_radius  ls_iter  iter_time  total_time
   0  1.099673e+05    0.00e+00    2.64e+03   0.00e+00   0.00e+00  1.00e+04        0    1.17e-01    1.21e-01
   1  1.211394e+05   -1.12e+04    2.64e+03   1.98e+06  -3.80e-01  5.00e+03        1    1.98e-03    1.23e-01
   2  7.749646e+04    3.25e+04    1.59e+03   9.91e+05   1.18e+00  1.50e+04        0    1.12e-01    2.35e-01
   3  1.250527e+06   -1.17e+06    1.59e+03   6.60e+06  -6.70e+01  7.50e+03        1    1.50e-03    2.36e-01
   4  7.280040e+04    4.70e+03    1.58e+03   3.30e+06   3.65e-01  7.50e+03        0    1.14e-01    3.50e-01
   5  9.012360e+04   -1.73e+04    1.58e+03   1.64e+06  -1.70e+00  3.75e+03        1    1.50e-03    3.52e-01
   6  6.365632e+04    9.14e+03    7.74e+02   8.22e+05   1.02e+00  1.12e+04        0    1.22e-01    4.73e-01
   7  8.150339e+04   -1.78e+04    7.74e+02   3.55e+06  -1.52e+00  5.62e+03        1    1.53e-03    4.75e-01
   8  5.776458e+04    5.89e+03    1.50e+03   1.77e+06   7.33e-01  5.62e+03        0    1.13e-01    5.88e-01
   9  5.187123e+04    5.89e+03    1.46e+03   2.22e+06   6.76e-01  5.62e+03        1    1.13e-01    7.02e-01
  10  4.703577e+04    4.84e+03    8.67e+02   1.18e+06   1.09e+00  1.69e+04        1    1.14e-01    8.16e-01
  11  1.383912e+05   -9.14e+04    8.67e+02   5.60e+06  -7.96e+00  8.44e+03        1    1.50e-03    8.17e-01
  12  6.376894e+04   -1.67e+04    8.67e+02   2.80e+06  -2.32e+00  4.22e+03        0    4.59e-04    8.18e-01
  13  1.230459e+05   -7.60e+04    8.67e+02   1.40e+06  -1.67e+01  2.11e+03        0    4.37e-04    8.18e-01
  14  4.474139e+04    2.29e+03    1.18e+03   7.02e+05   7.50e-01  6.33e+03        0    1.12e-01    9.30e-01
  15  4.418269e+04    5.59e+02    1.46e+03   1.02e+06   1.49e-01  3.16e+03        1    1.14e-01    1.04e+00
  16  4.311009e+04    1.07e+03    1.36e+03   9.22e+05   2.34e-01  1.58e+03        1    1.14e-01    1.16e+00
  17  3.924903e+04    3.86e+03    1.04e+03   5.82e+05   8.91e-01  4.75e+03        1    1.13e-01    1.27e+00
  18  3.949578e+04   -2.47e+02    1.04e+03   2.00e+06  -5.04e-02  2.37e+03        1    1.43e-03    1.27e+00
  19  3.797915e+04    1.27e+03    1.63e+03   1.00e+06   3.80e-01  2.37e+03        0    1.13e-01    1.38e+00
  20  3.546079e+04    2.52e+03    1.61e+03   7.03e+05   8.37e-01  7.12e+03        1    1.15e-01    1.50e+00
  21  3.440253e+04    1.06e+03    3.74e+03   1.17e+06   2.98e-01  7.12e+03        1    1.17e-01    1.62e+00
  22  3.209919e+04    2.30e+03    2.21e+03   9.14e+05   6.76e-01  7.12e+03        1    1.16e-01    1.73e+00
  23  3.098754e+04    1.11e+03    6.06e+03   1.93e+06   2.57e-01  7.12e+03        1    1.17e-01    1.85e+00
  24  3.185235e+04   -8.65e+02    6.06e+03   1.94e+06  -1.45e-01  3.56e+03        1    1.49e-03    1.85e+00
  25  2.720644e+04    3.78e+03    4.47e+03   9.73e+05   9.06e-01  1.07e+04        0    1.16e-01    1.97e+00
  26  3.067286e+04   -3.47e+03    4.47e+03   4.66e+06  -6.37e-01  5.34e+03        1    1.58e-03    1.97e+00
  27  2.494365e+04    2.26e+03    7.15e+03   2.33e+06   5.92e-01  5.34e+03        0    1.16e-01    2.08e+00
  28  2.521562e+04   -2.72e+02    7.15e+03   2.61e+06  -5.62e-02  2.67e+03        1    1.52e-03    2.09e+00
  29  2.206606e+04    2.88e+03    5.35e+03   1.31e+06   8.07e-01  8.01e+03        0    1.16e-01    2.20e+00
  30  2.333735e+04   -1.27e+03    5.35e+03   3.22e+06  -3.20e-01  4.00e+03        1    1.46e-03    2.20e+00
  31  1.922220e+04    2.84e+03    6.77e+03   1.61e+06   9.49e-01  1.20e+04        0    1.13e-01    2.32e+00
  32  2.202524e+04   -2.80e+03    6.77e+03   3.74e+06  -9.79e-01  6.01e+03        1    1.43e-03    2.32e+00
  33  2.151706e+04   -2.29e+03    6.77e+03   3.64e+06  -8.02e-01  3.00e+03        0    4.62e-04    2.32e+00
  34  1.713744e+04    2.08e+03    5.88e+03   1.82e+06   8.98e-01  9.01e+03        0    1.17e-01    2.44e+00
  35  2.809187e+04   -1.10e+04    5.88e+03   2.58e+06  -5.61e+00  4.51e+03        1    1.55e-03    2.44e+00
  36  2.809187e+04   -1.10e+04    5.88e+03   2.58e+06  -5.61e+00  2.25e+03        0    5.17e-04    2.44e+00
  37  1.589612e+04    1.24e+03    5.80e+03   1.57e+06   7.08e-01  2.25e+03        0    1.18e-01    2.56e+00
  38  1.532767e+04    5.68e+02    7.74e+02   1.40e+06   5.31e-01  2.25e+03        1    1.17e-01    2.67e+00
  39  1.481212e+04    5.16e+02    1.30e+03   1.31e+06   8.05e-01  6.76e+03        1    1.17e-01    2.79e+00
  40  1.442201e+04    3.90e+02    1.71e+03   3.18e+06   5.86e-01  6.76e+03        1    1.17e-01    2.91e+00
  41  1.412893e+04    2.93e+02    6.08e+03   2.41e+06   5.00e-01  6.76e+03        1    1.15e-01    3.02e+00
  42  1.370898e+04    4.20e+02    2.15e+03   1.68e+06   8.00e-01  8.55e+03        1    1.13e-01    3.14e+00
  43  1.332748e+04    3.81e+02    1.71e+03   1.15e+06   1.51e+00  1.69e+04        1    1.14e-01    3.25e+00
  44  1.324908e+04    7.84e+01    9.85e+02   1.57e+06   1.15e+00  1.69e+04        1    1.14e-01    3.36e+00
  45  1.320923e+04    3.98e+01    7.41e+02   1.28e+06   1.03e+00  1.69e+04        1    1.13e-01    3.48e+00
  46  1.318541e+04    2.38e+01    7.56e+02   1.20e+06   9.72e-01  1.69e+04        1    1.17e-01    3.59e+00
  47  1.316374e+04    2.17e+01    5.57e+02   8.26e+05   1.30e+00  1.69e+04        1    1.15e-01    3.71e+00
  48  1.315552e+04    8.22e+00    4.37e+02   7.22e+05   1.32e+00  1.69e+04        1    1.17e-01    3.83e+00
  49  1.315227e+04    3.25e+00    2.28e+02   1.95e+06   1.35e+00  1.69e+04        1    1.14e-01    3.94e+00
  50  1.315023e+04    2.03e+00    3.14e+02   5.08e+05   1.72e+00  1.69e+04        1    1.13e-01    4.05e+00
  51  1.314855e+04    1.68e+00    2.37e+02   4.73e+05   1.82e+00  1.69e+04        1    1.14e-01    4.17e+00
  52  1.314710e+04    1.46e+00    1.79e+02   4.78e+05   1.77e+00  1.69e+04        1    1.13e-01    4.28e+00
  53  1.314578e+04    1.31e+00    1.77e+02   7.56e+05   1.77e+00  1.69e+04        1    1.14e-01    4.39e+00
  54  1.314454e+04    1.25e+00    1.76e+02   7.41e+05   1.85e+00  1.69e+04        1    1.13e-01    4.51e+00
  55  1.314336e+04    1.18e+00    1.29e+02   3.96e+05   1.93e+00  1.69e+04        1    1.14e-01    4.62e+00
  56  1.314226e+04    1.10e+00    1.05e+02   4.78e+05   1.92e+00  1.69e+04        1    1.14e-01    4.74e+00
  57  1.314123e+04    1.03e+00    9.50e+01   4.59e+05   1.91e+00  1.69e+04        1    1.14e-01    4.85e+00
  58  1.314026e+04    9.75e-01    7.62e+01   3.35e+05   1.96e+00  1.69e+04        1    1.14e-01    4.96e+00
  59  1.313933e+04    9.25e-01    6.30e+01   2.93e+05   1.93e+00  1.69e+04        1    1.14e-01    5.08e+00
  60  1.313843e+04    9.01e-01    5.94e+01   2.72e+05   1.95e+00  1.69e+04        1    1.14e-01    5.19e+00
  61  1.313756e+04    8.69e-01    4.95e+01   2.57e+05   1.98e+00  1.69e+04        1    1.14e-01    5.31e+00
  62  1.313672e+04    8.43e-01    4.31e+01   2.43e+05   1.98e+00  1.69e+04        1    1.21e-01    5.43e+00
  63  1.313590e+04    8.20e-01    3.80e+01   2.28e+05   1.98e+00  1.69e+04        1    1.21e-01    5.55e+00
  64  1.313510e+04    7.99e-01    3.39e+01   2.19e+05   1.99e+00  1.69e+04        1    1.20e-01    5.67e+00
  65  1.313432e+04    7.83e-01    3.26e+01   2.11e+05   1.99e+00  1.69e+04        1    1.16e-01    5.78e+00
  66  1.313358e+04    7.40e-01    3.26e+01   2.04e+05   1.88e+00  1.69e+04        1    1.15e-01    5.90e+00
  67  1.313283e+04    7.47e-01    3.20e+01   2.00e+05   1.88e+00  1.69e+04        1    1.14e-01    6.01e+00
  68  1.313211e+04    7.24e-01    3.05e+01   1.96e+05   1.98e+00  1.69e+04        1    1.14e-01    6.13e+00
  69  1.313141e+04    6.96e-01    2.91e+01   1.98e+05   1.95e+00  1.69e+04        1    1.14e-01    6.24e+00
  70  1.313078e+04    6.29e-01    2.85e+01   2.04e+05   1.82e+00  1.69e+04        1    1.14e-01    6.36e+00
  71  1.313014e+04    6.39e-01    2.83e+01   2.46e+05   1.95e+00  1.69e+04        1    1.14e-01    6.47e+00
  72  1.312954e+04    6.00e-01    2.78e+01   5.35e+05   1.91e+00  1.69e+04        1    1.14e-01    6.58e+00
  73  1.312894e+04    6.04e-01    2.77e+01   3.67e+05   1.96e+00  1.69e+04        1    1.14e-01    6.70e+00
  74  1.312833e+04    6.04e-01    2.77e+01   2.38e+05   2.00e+00  1.69e+04        1    1.15e-01    6.81e+00
  75  1.312776e+04    5.72e-01    2.73e+01   2.20e+05   1.71e+00  1.69e+04        1    1.14e-01    6.93e+00
  76  1.312719e+04    5.71e-01    2.84e+01   2.24e+05   1.97e+00  1.69e+04        1    1.14e-01    7.04e+00
  77  1.312663e+04    5.64e-01    2.80e+01   2.11e+05   1.99e+00  1.69e+04        1    1.15e-01    7.16e+00
  78  1.312607e+04    5.57e-01    2.81e+01   1.61e+05   1.99e+00  1.69e+04        1    1.14e-01    7.27e+00
  79  1.312552e+04    5.49e-01    2.83e+01   1.44e+05   1.99e+00  1.69e+04        1    1.14e-01    7.39e+00
  80  1.312499e+04    5.35e-01    2.84e+01   1.35e+05   1.98e+00  1.69e+04        1    1.14e-01    7.50e+00
  81  1.312446e+04    5.21e-01    2.85e+01   1.28e+05   1.99e+00  1.69e+04        1    1.14e-01    7.61e+00
  82  1.312395e+04    5.13e-01    2.87e+01   1.22e+05   1.99e+00  1.69e+04        1    1.14e-01    7.73e+00
  83  1.312345e+04    5.04e-01    2.83e+01   1.18e+05   1.99e+00  1.69e+04        1    1.14e-01    7.84e+00
  84  1.312295e+04    4.96e-01    2.72e+01   1.14e+05   1.99e+00  1.69e+04        1    1.15e-01    7.96e+00
  85  1.312246e+04    4.88e-01    2.76e+01   1.10e+05   1.99e+00  1.69e+04        1    1.14e-01    8.07e+00
  86  1.312198e+04    4.80e-01    2.80e+01   1.07e+05   1.99e+00  1.69e+04        1    1.21e-01    8.19e+00
  87  1.312151e+04    4.70e-01    2.85e+01   1.03e+05   1.98e+00  1.69e+04        1    1.20e-01    8.31e+00
  88  1.312105e+04    4.59e-01    2.89e+01   1.01e+05   1.99e+00  1.69e+04        1    1.20e-01    8.43e+00
  89  1.312060e+04    4.53e-01    2.93e+01   9.80e+04   1.99e+00  1.69e+04        1    1.20e-01    8.55e+00
  90  1.312016e+04    4.47e-01    2.97e+01   9.55e+04   1.99e+00  1.69e+04        1    1.20e-01    8.67e+00
  91  1.311971e+04    4.41e-01    3.02e+01   9.32e+04   1.99e+00  1.69e+04        1    1.20e-01    8.79e+00
  92  1.311928e+04    4.35e-01    3.06e+01   9.10e+04   1.99e+00  1.69e+04        1    1.20e-01    8.91e+00
  93  1.311885e+04    4.29e-01    3.10e+01   8.90e+04   1.99e+00  1.69e+04        1    1.20e-01    9.03e+00
  94  1.311843e+04    4.23e-01    3.14e+01   8.70e+04   1.99e+00  1.69e+04        1    1.20e-01    9.15e+00
  95  1.311801e+04    4.17e-01    3.18e+01   8.51e+04   1.99e+00  1.69e+04        1    1.20e-01    9.27e+00
  96  1.311760e+04    4.11e-01    3.22e+01   8.34e+04   1.99e+00  1.69e+04        1    1.21e-01    9.39e+00
  97  1.311719e+04    4.05e-01    3.26e+01   8.17e+04   2.00e+00  1.69e+04        1    1.22e-01    9.51e+00
  98  1.311680e+04    3.99e-01    3.30e+01   8.01e+04   2.00e+00  1.69e+04        1    1.20e-01    9.63e+00
  99  1.311640e+04    3.93e-01    3.34e+01   7.85e+04   1.99e+00  1.69e+04        1    1.20e-01    9.75e+00
 100  1.311602e+04    3.87e-01    3.39e+01   7.71e+04   1.99e+00  1.69e+04        1    1.20e-01    9.87e+00
Ceres Solver Report: Iterations: 101, Initial cost: 1.099673e+05, Final cost: 1.311602e+04, Termination: NO_CONVERGENCE

========================================
    BUNDLE ADJUSTMENT ANALYSIS
========================================
Solver: Dogleg
BA Optimization Time: 9.87432 seconds
Total Solver Time: 9.87409 seconds

Problem Size:
  - Camera Poses: 10
  - 3D Points: 2639
  - Observations: 3322
  - Parameters: 7987

Convergence:
  - Iterations: 85 successful, 16 unsuccessful
  - Initial Cost: 109967
  - Final Cost: 13116
  - Cost Reduction: 96851.2 (88.07%)

Accuracy:
  - RMS Reprojection Error: 1.987 pixels
  - Average Error per Observation: 3.948 pixels²

Termination: ⚠ MAX ITERATIONS (solver could continue if given more iterations)

Performance:
  - Time per Iteration: 97.766 ms
  - Iterations per Second: 10.23
========================================

